116

3133333333133, 253, 251 3113311133, 331.
11311133, 193. Ninive, 13, 23, 27, 23, 29, 32, 197, 333, 391.
1131333332. Ninus, 23, 25, 23, 29, 31, 137. 391.

. mogon, 233. , Ninyos, 23, 29, 33.
113133, 13. Niobe, 29.
1111133133, 233, 233, 237, 335. 11133131, 29.
1131331311 1111133111, 233, 231, 233, 231, 233, 273, 277, 11133131 Motho, 23.

279, 233, 231,231,332, 333, 331. 11131111333311 1131131. ,

Moschgan‚ 231. Niobe, ooo‘r Medzpio.

’ Μ13393133113,133, 193, 239, 317, 322, 323, 325, 323, 327, 1111113, 73.

3333333 *mmmm

Messio (13), 93. - Nohl, 233.. , ·
monog, 53. ” 3311381313, 3311 Voghorsohabad
Mihr, 133. Nor-sobius, 137,199.
11111133, 331, 333, 333, 337, 233, 339, 373. , Nomcmragan, 333, 177, 737,
11131331339,333. 1133111131. ·
111113111133131, 377. . 3333133333, 321.
1111111111, 319. 3223 311391- Nouvollo-Villo, 3311 vagharschaooo
1113113133 1111331313,13. Numeriem 337, .
momfflwffi· mmomm
1133773131, 973. ’
1133113131, 51. , = 0
memmfflmmffim ι -·

Molee de 1111313113 , 12, 33, 332.
mfflm. mmfflw

1131, 333. 031, 331.
oghogan, 233 313, 952.

. 113131111311.
murman-der, 13. oglon, ooir 11312111.
1133131133, 3311111133. 0711133, 355, 335, 333, 233. 371. 333.
1133113, 231, 03111331), ooir olympius.
11133111, 33. 011133, 3311031111.
mmmmfflmmfflmmmomm
mmmm QQQ
1131133113, 313. 017317113253, 239, 251.
qummmwmmfflfflffi,Qmfflffl·
mmmmmmmmmmm0fflwfflwo
mmmmmmm mmmmmfflmmm·
,uousoheghamark‚ 351. 0113113133111111, 237, 277.

31331133 21. 311331333331313311
amm omma
1 0311311, 38, 18.
χ’ . 038111, 310, 318
h QQo
ommm

Nabok‚ 323. 013, 331, 333, 331
Nabuchodonosor, 32, 33, 31, 13, 153, 193. oum 259,

Να1113]3133,3317·113111113111133. ’ oum, 49, 171, 233
Nokhitohovan. 3913, 275. oukhthfflffl,

113313, 133. 0331131311, 212.

Nomos, 335. 0331133111, 19, 33. ·

1131131, 3113. 03111311, 277, 231, 233, 297
Nwmww· wmmmmm

Num& ⁰4· 93311133331313333.
mwwmo

Nerkioangnis, 379.
mmmmommmmmmm R
238, 239, 213, 211, 212, 213, 211, 213, 217, 213, 219, ·
'mmmmmmmmmmmffimffiffi
232, 239, 239, 233, 291, 292, 293, 291, 295, 333, 333, Pad, 297, 293, 333.
313, 333, 331, 333, 332. · Pod 3311313331, 233
Nous-sources, 937, 333, 339, 313, 312, 317. 313, 331, 33333331.
353, 335, 331. · 3333333331, 333.
Nicanor ou Nicator, 12 13313133313311333131 31 &gratioe
111313, 193, 223. 33113293, 337, 312, 313, 331.
1113331313, 392. ’ 93111-31313111,12.
1333313333 oo Niguimokos, 313 13111-331131133333, 193, 139, 931.
3111313333, 233. 9311131, 113, 123, 231, 327. .
11111131, 3311 11111131. 3333131131, 133. ’

 

