JNDEX.

.---οοα>--’

18888818.

18181188.

1888181181111181, 188

Αωωωωωωηωωωωω,
mmmm

111188, 818, 818, 811, 811, 818.

1Μ811881Μ81111111811
818, 818, 888, 881.

11888088118818, 818.

Abraham, 3⁰, 12, 128. 198. 881

11188181, 818.

1118111, 811.

1188118118.

1811118188, 111, 125, 289, 239119, 250

Achille, 11,’11.

181181, 85.

181811, 18, 181, 881

1811181188, 115. ·

mwwn

fflmwwu

Adurbadagan, 11, 18, 118,188.

Ι 1811818888, 88118111881188.

1818118111ὀὶ, 188.

,18181878188111111111118181188, 1881811811,

·mmmmmmmmmmm

111181, vvir 11818181.

8118881.

13881118181888188.

1888188, 1818

1881118118, 187, 811, 818, 887. ¹

18188818188181.

1811811, 181. , ·

Amffiwmmmwwmmfflm
181, 281, 288, 189, 292, 387, 951, 852, 858.

¹Aghmwm.

’ 1111188811, 188.

1811188181, 88, 81, 171.

1318118818, 171.

181188,18.

Ammffiwmmmmm

Agna-mie, 88188.

1818881, 115.

1818181, 1818 11111.

1811818188, 8811· Albin.

181118118117.

Am), 8811· 1888888.

1818888, 811.

mma

Ahegan,317.

111188, 818.

118188, 871, 878.

11118188.

1118188181, 88.

11811881.

1111881818. ψ

11188, 888, 888, 811.

11118181, 181.

111188811811 Albin.

Albin, 181, 181,·187,118,Ι 111, 118188, 887, 888, 818,
851, 811. - ·

Amwmwmmmwm.

Alexandria, 888, 811885.

mmmm&

1118181178.

1118881, 111.

1111881811, 188, 18·

Amazones, 818·

Ammm

11181, 888.

11885118, 181, 110, 818, 811, 818.

118111, 118, 111118, 118, 181, 181, 187, 188181

1181118, 8818118111.

1818, 8811118888 81 1818.

1181881, 888.

1118881817.

11881888, 811811

1118188117. “

Audon, 8818 1118188

Andre, 818, 818, 881.

mmmmmm

Angora, 8811118188.

181, 87, 187, 181, 881, 888.

11181881, pair 1111188811.

ωψἈωωηωΜΜΜΜω
&mmmm

mmwwfflffl.

18188118, 58.

1118, 815.

11881881, 88, 81.

18818818888, 81.

11188, 88, 871, 871.

mmmm

1111888818.

11118818, 188, 815881.

Antiochus, 11, 181, 188.

Antiochus 8111188, 18.

Antiochus 88181, 11, 188.

Antiochus Τ1818, 11, 198.

antipas. 8881181888.

1111188818,178,181,185,187. Ι

1118188, 887, 888, 811, 811, 858, 851, 881, 888.

mmffimm ,

1881118888, 8818 Titus.

1118811 18 11881, 891.
Ammmmmmmm
11188888188118, 117, 188157, 158.

- 1811188111, 81, 81, 111, 118, 188188, 818, 881

mm
1881818118811, 818.
mma

Apeghian, 888.’

m

 

