INDEX.

11131, 310. ·

1133113, 337, 340, 341, 344, 345, 347, 340. 349, 345, 353,

113333, 370. ·

Kmmmmmmmmmmm
135130. ι

Kos, 147. ’

11333133, 33, 03, 111.

1133313331, 51,

1131333331, 154.

113133, 3311 Trono 3331131333

Kork 13 1131313, 380.

11313313. 111.

1111133370.

1133133 1113313331, 317, 331.

11311311133133,151, 131, 139, 176,177

uotae, 111.

1133113331ιὶ, 49.

1133133111 sapor, 1011031101.

11331, 333 cyrus.

Kouschans, 13135130, 193, 193

13333331, 49.

1133131, 133. ·

1111131, 3311 (11333113.

11131331, 373.

1333313133, 334.

113131, 14, 44, 45.

113133, 07.

1131333133, 101.

11311331, 47.

ΜΜΜΜΜΜΜΜΜΜΜΜ
338, 340, 350, 301, 303. 304. 359. 375. 380,

113333333333, 191.

11313313, 131, 133. ,

11333311311333333331, 113, 113

manag, 113.

1133313111, 134.

1133333, 111.

11333133, 13, 111.

“ 113331313131133 11333133113331. 111. 307

113331313319, 50.

1133333313, 193, 303.

1133333311, 351. ,

11333, 301.

11331333, 331. ·

Mamm, 317.

3331333331, 53, 390. . ”

1133331, 133, 193, 300, 301, 301, 303. 304, 305. 301,
307.

Qmmm

Maraguerd, 39.

113131, 147, 310. .

1131331, 333. ,

1131 1333031133,13,11, 17, 1311. 15, 13, 53.

1131311333, 195, 193.

“ nummum-der, 33131133131333331.

1333133344.

133333, 171, 337, 344

mnne (13 0333133, 394.
nonnos, 3311103333.
133331, 343.

¹ 13313115.

11133333, 317, 311, 315, 33.
131130.
Libye, 43, 37.
11313133, 111, 113, 114. 39·- .
1133 03113, 375.
bstux-Saluis, 341.

’ 11313333, 3311 Licinius,
Lien, 3311 3113313.
1331131133, 333 Lucius 113331
Lousia, 33111333.
13331113, 3331133333,

133, 340.
1311133135.
Lucius 03331, 35
133351.
33333110, 133
11333133, 317.

1133333, 311.
1133433ῃὶ330, 44.
1133131331, 303, 313, 33
mmww
Maghkhmn, 100.
333313313331, 111.

Marc, 331, 393.
1131331, 341.
11313133, 135.

·fflmmmm

mmmmm
11331333, 317, 314, 317.
Marinus, 3311 Sabinus.
1131113133 1133333, 301.
11313333, 377.

113111, 133.

1131331133, 104

11313133, 193.

113311, 130.

11331311, 40, 53, 101, 391.
1131313131 1133333303, 111,
11331133, 353, 304, 305.
11313333, 135.

Maxime, 391.

1131113133, 135, 395.
1133311333 ou 1131133331. 347.
Medos, 43.

‘ 110310, 83, 88, 33, 393.

1133333131, 44, 40, 110,149, 113, 303, 374

1131333133, 195,150.

mefflwQfflmmmmm
mmmmm. '

Meghdea, 3311 11333333.
11333333, 350.

lmmffimmmmmmmmm

11333333, 333.

1133331ᾱί133, 333 han-Baptista.
110331, 140.
MQOmm
1133331331333313331, 117, 113
1133331131. 354.

Menandre, 340.

3133033331, 43

 

