1494114911, 317
1 31411144345.
3111411194, 31

94441144, 4011 Faustus.
Faustus, 237, 291, 309.
Faustus (19 3111409, 493.
Formianos, 1011311111111911
3114111194, 344, 394, 995
4 311041, 04, 45.

’ 31011411. 399.

04111011,199

1141110411, 343.

041194911141101441, 0011 0011149 094 0941111014.

, (1414410911, 190.
*fflwwwwwwwwwwm
mmm,

3 1141491101, 313.

“ (1444414144154

0441441194, 317.

’ (19414443.

(111411910011 3100414041.

0111111144, 249.

01111, 429, 273, 474, 479, 327
(14114191324.

ῑ 04114, 441, 499, 905, 944, 951, 955, 904
041144, 447.

mem.

, (1111110414, 19, 19, 44, 44, 49, 190, 191
0111044194, 0011 1141044.

’ (14419, 34, 33.

0011149994.

0044141411, 0411119409111

0101114, 951, 954, 991.

1101144419, 97.

¹ (1040401444. 344.

01190004, 324.

(1110040414, 922, 315.

3111414144, 341.

(1104191111, 9411 cyrille.

(1140111194, 444.
Qmmmmmmmmmm
00111, 45, 49.

ῑωωω4

(1011111, 233.

(1011, 52, 215, 173, 303.

(1011101114, 940.

004191, 14, 44.

001411141341.

04111914, 144941, 944, 901

(1011, 949.

Gfflmfflm

(1011044111, 51.

0011444, 14114114, 111, 154, 104, 111191191111.
Qmm

flmmmm

⁰⁰³¹, 0014· 01144.

&mm

11411. ,

m

40141, 944 , 945, 349, 350, 954, 353 , 941, 343.

(101111, 0011 (1411.

flmmmmm

014409-099440, 0011 1111411111.

01440-Μ11414,44, 44.

mmmmmfflfflmmmmm.
277, 273, 307, 304,331.

emmmmm .

(11180119, 122,120,127, 131,132,134, 134, 151, 153
fflfflmffimmmmmmm
103, 133, 170, 171, 171, 173, 174, 170, 177, 173, 173,
132, 133134, 135, 137,133, 130, 131, 134, 203, 210,
mmmmmmmmmmm
mmmmmmmmmmm
337, 333, 333, 340, 341, 342, 343, 344, 345, 347, 343,
ΜΜΜΜΜΜΜΜΜΜΜ

(11130119 1211411114919111, 109, 111, 994.

(11110110 Magistros, 403. 1

(111114, 9011 01114.

(11130119, 103, 312, 213, 114, 210.

(110111139337, 341, 341, 350, 351, 354. 301. 305

(1440911111, 350. ·

(19091114, 350.

(14141111, 242.

(14119104, 0011 01114449.

(11441 1141114111, 40.

’ 11901194, 331, 394, 393.

1141940441, 44.
141199919944949

·· mfflfflfflfflffiffiwmmw.

11111911, 30, 34, 50.

311194414417. ,

1141149111, 390.

111111, 19. v

1141011-1101, 19.

mmmmmmmmmmm
494, 191, 494, 349.

1141ηο1041, 974.

1141114111, 991.

(19144141401194, 391.

1191441441), 309.

1141491441104111, 474, 477, 300.

1144041941, 377.

1110141, 114.

1114041011 144. ¹

mffiQOmfflQOwffl.

1191149, 41, 14, 134, 197. “

114114, vvir 11114111.

114411101441, 51, 41, 419, 411, 931, 339, 345, 344, 390,
mmmmmfflfflfflfflffl

Hatamaguerd, 47.

Hatra, 95, 93.

11411941, 233.

1111111919-11411111, 245, 427.

1111111111, 449.

1141010441, 47.

11914141441110, 259. 294.

1149119, 413.

1190441111, 977.

11013119, 331.

1191441411, 300.

111441014941, 43. ’

 

