inniti. nia
21122221, 21, aa, aa, ar, 22, 22, ro, 222, 211 112, 111,

622211112122111162211221. ’

51222, 371.

8111212111, 376.

Storog, 317.

Sylvastra, 163.’

arna, 11, 22, aaa, 122, 2121121112121,

Τ.

112112, 335, 336, 337.

mamm

iffiffl.

imma

113111, 16.

1211221111, 33. ·

1211112131.

122321, 313. “

112222, 366.

112221), noir Danube.

rnanagh„ 122, ran, 221, 221, 221, 252, 222, 221, 212.
111111, 316.

11112122, 115161.

1112221, 173.

11122331, 336.

mmm

Taurus, 51, 337, 311, 372Ι

11111221, 161, 161, 136.

121121212211, 116,

Teherapachirh'rk, 116.

1212211211, 61.

1212222113.

1212212112, 361.

121122211151.
mmmmm&

16121122, 311.

1112212133.

’112211222111211121112 161.

111221, 116.
mmmffimmmmmmm
Terdjan, 166. ’

Terence, 173, 161, 161, 135136.

Tantamne, 3211.

11122, 116, 311, 351, 361, 331 375.
11211112, 2211111.
Mfflmmmmmmmmm
1121111111353.

11111111, 33.

1121111121, 31,

1121121236. ‚

1122111221, 356.

11111622, vair 11211132,

1111122212, noir Tavreseir.

1121211, 115.

11111112, 221111221112.

Thempradzor, 2211 Vallia 12 somniari.
11621212, 115, 116.

11122365.

1122221112, 337.

111622, 22111211221221.

11211, 163, 111, 115, 131, 351, 376. 371, 361.
111111221131111.

Thomas, 313, 313.

Thomas Ardzrenni, 391, 331.

11211222, 17,11, 163, 117,163,113,135,177, 131.
mmmfflmmmmm
'rhetig, 361, 333, 363.

1112312, 317. 313. 313. 311. 315. 313 313. ”

376, 377.
QWQQMM
Tigre, 51.

1121112112, 135. ,
rimarios, 365.

timothee, 336, 333, 316, 311.
1121211121, 356.

Tioghiidianos, 2211 1111216122.
Tiridate, 13, 11, 167, 123, 135, 316, 333, 312, 321, 313,

mmmmmmmmmm ··
Tiridate 12 1111211, 11, 13 ·
Tiridate (saint). 13.

Tiridate Pairradonni, 61, 161, 167, 166,111,111, 111,
rwnmmfflfflmmwmffl

&mmmmmwwmmm ‚
'mmmmffimmmmmm

mmm
Titan, 11, 136, 137, 331.
1112265.

11112112, -176,

Tabia, 65, 313, 316.

1212122222 des 1121122372.
12222-1122211216122, noir Sardanapaie.
Trajan, noir 11122.

111112, 331, 335.
memmmm
11212, 11.

11622 des Prindea, 363.
1122121), 61.

1121, 353.

112132, 16.

11112-1122112, 116. .
Tzeiag, 11.

1121122211, 11.

Tzon, 2211111212.

Tzon, 13.

mma

Tauream, 17.
112212211372, 331.

1112111112, 361.

1112122111.

wfflanmmmmmffi

wmmemmmmmm
163, 171, 176,173,137, 133116, 171, 333, 313, 311.

Vaghanschagoa valairaco, 301, 361, 365, 356.

vaganrsnhagnern, 363.

vagharsciiaran 66.

Vagare, vntrvaiens.

wmmmm

Vah, 376. ’

12121122 ora 121111’2,16,11, 61, 131, 173, 115.

wmwfflffifflmfflmwwwn

376, 373, 336, 331.
vahan Amadouni, 117.
11121232122111112, 371373, 375, 376, 366.
11112121221), 361, 365, 363, 367, 363.
vahan 1221222122176. 177. 366.

 

