Μ

1666116, 393

11161, 17.
166116666111311.
1661661166, 313.
Aphrodite, 173.
16666166, 313.
1666116161, 315, 331.

mmm

1611116611.

116, 15,16, 17, 19, 36, 31.

1161611666, 196, 197.

· 1161166, 65.

1ωωωωω

16661661, 356, 369, 376, 373, 377. 376 .

1166116, 367.

1161, 6611 11616.

mfflwwm

1161166, 36.

ω66666666

16616616, 196, 197.

1661666161,31, 196, 197,196, 199.

16616616, 16117, 119, 131, 167, 166, 397.

1666,16,19,196, 197.

1ω6616666661ῌ66,
fflfflfflwmfflfflfflwssmmma
111. 350, 161, 135, 367, 366. 339. 316, 313. 396.

amadan 6

11661666666, 313.

1161611, 11.

1161166166, 51.

. 1161166666, 151.

Μ66666666Μ6

1166666661, 153.

11611666661, 6611 1166116661ιηὶ.

1161161666, 316, 156.

16661616, 176171.

1666666363

16666166, 361,·

ammmssaemaamamnmstmstmwa
171, 175, 396, 397.

1666661166, 6611 Artaxata.

mwamaffistwfflQmfflwm
mmmmmmm

. 1666661116199.

1166661111, 111,116. 166, 365, 391, 395, 396.

16611166, 6611 maban.

11661611, 39, 63, 61,67, 161. 166. 111. 115111, 116119,
361, 365.

1666666116616661161, 396.

16661, 336, 313.

11661111, 376.

1166116111, 317.

1166666, 311.

1166166, 11611 11161166.

11616161, 66.

1161166, 131

ardun, 363.

mmm

116616, 316.

1161116661, 6611116166661,

11616611, 317.

1161161161, 31. 17, 113, 156, 331, 315 317. 361

1161166, 311.

11611, 317.

1161111166, 6611661611

11666, 159

116166. 317.

ΜΗ ’

11611166, 336.

1616116, 113.
mmmmmmmmmm
11166116, 376 ·

11166, 36..

1116611, 136191.

1116166636, 66 1616161166, 6611 6166663666
ariston de Pella. 391. 391. 393.

Arius. 116.

1116616166, 31.

16116166, 3616.

’ 11111, 196.

1616616, 16, 11.
ωω6166666666
111666, 11.

16166666, 16, 17, 16, 19, 16.

16166616, 6611 1116166111.

1116611,11, 193.

16666661, 366.

· 1166166116, 199.

1166611666611, 156156

1161166663.

16666661, 61.

Arsace, 13, 11, 13, 11, 51, 53, 133, 199.
111666 16 61611611, 11, 317.

Arsacides, 311, 396.

mmmmmmmmmmm

mmmmmmmmfflfflss
mmmmmmmmffimm
awmmmmmmmmmmma
mmmmmmmffimffiw
363, 316.

1661666166, 117,116, 119.

116611666υηί, 6611 11666666.

11666616, 166, 316, 316, 316.

1166166666, 1161116666.

1166166661, 111, 131, 136, 117, 156.

1666116111, 196166, 131, 136, 316, 317.

1166111νὶ6 6666616666111117, 131.

11661166, 199.

16666666, 161.

mmwmmmwmmffia

16161, 6611 161611.

11161616, 36167. ·

16161111, 366.

16161616, 393

mwm

πωπω

161166, 311, 315, 616, 317, 316, 361, 351, 353, 351, 311
365. ”

16666, 163.

1666116666 9611161, 317

161166166366, 316.

aschanaz, 33.

16611661, 351.

16611611, 361.

1661111166161, 176, 177.

1661666666, 199.

1661661166, 6661616666.

1666611666, 365.

1666666611, 361.

1666116611, 319, 377.

16681166, 366,

. 1663116611, 316.

16666166, 363.
1616661111, 196, 199.

ι 161613.

 

