INDEX.

98118111,11,198. ,

9111181811, 11,18, 85, 288.

98118188 9118181188, 199.

98181818,198.

981188, 259, 280.

98118110,85.

9111181811, 251, 277, 281, 898

9811118501, 218.

9811118011, 279, 281.

1181118811, 218.

98110188, 178, 808.

1181118110υηὶ, 00118881011808.

9811181881 011 9811151881, 07, 217, 271, 278. 277, 281,
295, 808.

valestino, 85, 271, 275, 817, 818, 828, 821, 828, 829, 891.

9811885188, 0011* 98111 5088888188.

Pap 011 11811,10.

papie, 908, 801. Ι

9811110110, 891, 898

9818011011, 225.

98181188, 198.

11818888 1100888188, 158

9818111108, 21. ι

9810110811, 828.

9810115118818, 828.

98100118, 0011· 8810000881.

1811181111888, 821, 822, 828, 821

mmmm

9818011881, 21.

machamata, 821.

8111081181118, 187.

9111101111 ou Ι18111111018)·,1·01“1·888110.

9811, 0011 8811101800.

9811811288, 0011· 8811101880.

888888Μ882

9811111818, 78, 98, 812, 818.

Ρ88118,212.

98808 ou 9111111015, 88, 181, 218, 282, 258. 259, 281
888, 818, 811, 8111881.

981188, 881.

98188, vvir Bassus

Patmos, 811.

98181181, 828.

9881, 182.

. Paul de samosate, 801.-

9811081018, 819, 821.

98219.

91188881.

’ 911118808821.

. 18111108,828,811,815.

1 901110800111110101.

ss 9111188898.

911ορ011110εο,897.

9088110111, 228, 280.

9111010ρο, 81.

91108, 11011 118111.

911010, 200.

Perse, 91, 98, 115, 121, 188, 185, 217, 221, 229, 280,
mmmmmmmmmmm
&mmmmmmmmmm

’ 880, 889, 878, 875, 880, 881, 891, 898.

Persa, 88, 210, 220, 281, 285, 251, 255, 2511, 258, 259,,

Pfflmmmmmmmmmm
118, 827.

9011801111, 1101198118. ·

‘Pmmm‚wstw.

9018088188, 50.

mam cmm

Phaldngaran, 180, 288, 818.

91188113, 879.

9588111181, 878. ,

ffiwmwmwfflfflmwQffi
288, 289. r

pharaon, 888.

9118118 011 Pharin, 210, 227, 228. 888, 889.

9118881108, 00118118111108.

Pharum, 198.

958108181188, 288.

9111111010, 817, 827.

95810188 08 91111081, 828.

mwfflssfflfflmmm

Pierre, 819, 820, 895.

9111110, 821, 827, 829. 880

9111111081, 81.

91081811, 05.

9108181) 8881811110, 881

91881881, 198.

Pom, 822.

9011388, 281.

9011081110, 811, 805

90111810, 891.

Pom-Pilato, 891.

-9081, 21, 18, 1115, 50, 52, 88, 898.

90110110 Dj0r‚ 88.

Porta Royale, 185,

901111, 889.

90811888, 828,

9081181, 818.

988188118,101’1 110181881180810.

908208, 850.

9118811081, 882810, 811, 811, 819, 851, 858, 855, 881,
mmfflmmmmmmfflm
mmmmm

9101111, 850.

911881, 80,11.

Probus, 897.

. 910108-11180818, 21

980810881108880, 78
9101111100, 89.
Pythie, 897.

08181111, 898

8808811018, 85.

1181188, 870, 871.

88011180, 817.

8818881, 212.

8881105088, 891.

1101118, 818. -
nmmemmmmw
1111181011, 871.
ffiwfflQOmmwmmmmm ·
111808, 897.
8088111181, 179
Romaim, 12, 828.

‚nmmmmmwmmmmm

mmmm
8

 

