’ 412

(10001001100010, 941, 980, 981

Corintho, 940.

1201000090οε00, 979

1200001100, 44, 997.

croix, 979.

Ctesiphon, 115, 254, 201, 209.

Cyclades, 995.

9000000. 190909.

12001110, 901, 809.

Cyrus, 94. 95. 40. 48. 00, 215, 288, 289

12.

1210010004

1200100, 194, 228, 229, 990, 997.

badja-moiri, 210.

1200100100, 907.
'QOmmwffl “
« 1200020198.
12000000, 99.
1210010000, 981.
nmmmmmmmmmm
Danube, 895.
12001100, 120, 222, 274.
1200010, 0010 Darius.
1200100, 49, 199, 191. ·
Darou, 211, 224, 227, 228, 229, 299, 200, 283, 254, 280,

910. 997, 999, 940, 941, 944, 950, 951, 955, 901, 909,

mmmmmmmmmm

¹ 12000010, 49.

00000,100,191,049,910 , 1

Dehakhvakh: 981.

1201000010, 49.

1200000100, 981. ,

1200000100, 99.

1201111000, 144. .

12000, 0010 Trajan.

1200010100, 49, 199.

12000001, 200.

1200100, 0010 Tiridate

12001000, 291.

1200, 09.

1210000, 0010 Tigrane.

121000, 0010 Titan.

Dignouni, 210.

1211000ος0000, 0010 Tigranocerta.

121102000ὴί, 95, 40, 97, 99.

1210101100οο, 0010 1100011080.

mmmmmffifflwffiffl

1210, 104.

1210030000, 940, ,

mmmffistmmmmmmmmffl,
mmmmmmmmmmm
mmmmmmm,

. Dirig‚ 910.

12101000, 181.

fflQmmmmm

Dispon, 0010 8100101100.

12100110, 990.

12100, 07, 289, 299, 942. 949

121000000010, 949.

ngheb, 115.

1210000010, 48.

12000011, 277, 288

120010, 50.

Dosp, 274, 270, 900

120010, 00.

INDEX.

120000, 950.

1200ρὶ0, 05, 918, 928.
120000, 08.

1200300, 0010 81001000.
1200, 917.

12000000, 907, 979
12210, 908.
0100200900.
0010000010, 980.
Dzmag, 0010 1200000010
mov, 49, 170, 211, 218, 222, 298, 250. 200. 200217,

·mmmmm

1200000 schabe, 200.
morai, 200.
mmm
1200010010. 19.

E.

mmmwwffimmmmffl
mmm

1100040οἰ000, 85.

101000, 91.

mmm

Eghdcherk‚ 909.

90100, 0010 AElia.

Eghnoud‚ 901, 970.’ .

Εευο010101000401110000,04, 107, 211, 224, 225, 229,
000, 000, 000, 000, 000, 000, 044, 000, 000. 00. 00

mmmmmwfflfflss

11100000, 0010 1110000000υο 0112000110

111001000000110,·0010 Euothropolls

Elohlm, 75.

80003100, 905

80000005.

8000011αο019. .

Epheso, 944, 994.

Ephrem, 901.

00100100000000.00000040000000000,

8001011001, 255.

8001100000, 04

110001ος, 04.

Emmm

’ 11000100, 0010 Araxe

80020000ῑο, 104,
11000000, 252.

Era, 125, 107, 944.
1200000000, 980.

mm.

11000004, 99, 95, 40, 00, 200
80000010001000, 274.
2000000, 991.

Ermum, 0010110010.
2001000087, 195. ¹
Ethiopiens‚ 41.

- 8110000901, 909, 975, 978, 980.

8000310100, 0010 1101001100.

0001100000ιί0, 917

Euphrate, 85,147, 174, 177, 181, 212, 250, 280, 281.
904, 910, 920, 997.

Euripide, 997.

Europe, 49.
800000, 101, 298, 249, 244. 992

11011000, 181. 949.

 

